-5.0 -4.7 
24.0 22.7 
42.0 39.7 
-1.0 -0.9 
-45.0 -42.6 
35.0 33.1 
6.4 6.0 
13.8 13.1 
12.0 11.3 
12.4 11.7 
16.0 15.1 
13.1 12.4 
12.2 11.5 
14.5 13.7 
19.5 18.5 
14.4 13.6 
18.6 17.6 
18.5 17.5 
5.5 5.2 
7.4 7.0 
8.1 7.7 
7.4 7.0 
8.0 7.6 
10.7 10.1 
6.2 5.8 
6.3 5.9 
10.6 10.1 
7.6 7.2 
6.6 6.3 
6.9 6.5 
3.2 3.0 
3.2 3.0 
4.5 4.2 
2.6 2.5 
2.0 1.9 
5.2 4.9 
12.9 12.2 
10.7 10.1 
11.2 10.6 
13.0 12.3 
23.5 22.3 
20.2 19.1 
17.0 16.1 
21.5 20.4 
22.1 20.9 
20.4 19.3 
23.1 21.8 
13.6 12.9 
9.9 9.4 
6.5 6.2 
12.5 11.9 
2.4 2.2 
9.5 8.9 
14.1 13.3 
6.3 5.9 
6.6 6.3 
4.3 4.0 
3.1 2.9 
3.9 3.7 
5.1 4.8 
7.5 7.1 
1.2 1.1 
0.6 0.6 
2.3 2.1 
0.1 0.1 
5.5 5.2 
4.7 4.5 
6.9 6.5 
3.7 3.5 
7.9 7.5 
6.5 6.2 
4.9 4.6 
6.0 5.7 
17.2 16.3 
11.6 11.0 
11.2 10.6 
5.8 5.5 
11.5 10.9 
9.6 9.1 
10.3 9.7 
5.7 5.4 
4.5 4.3 
7.9 7.5 
3.2 3.0 
-1.8 -1.7 
-9.6 -9.1 
-4.7 -4.5 
-0.8 -0.8 
-3.3 -3.1 
-2.7 -2.6 
-0.5 -0.4 
0.1 0.1 
1.4 1.3 
0.5 0.4 
8.5 8.0 
8.3 7.8 
10.7 10.1 
6.8 6.4 
6.7 6.4 
4.0 3.8 
0.2 0.2 
0.3 0.3 
-3.4 -3.2 
2.2 2.1 
2.6 2.5 
2.5 2.4 
1.7 1.6 
13.0 12.3 
12.1 11.4 
15.6 14.8 
17.7 16.8 
22.8 21.6 
16.8 15.9 
27.9 26.4 
25.0 23.6 
25.2 23.8 
26.5 25.0 
20.4 19.3 
19.5 18.5 
18.7 17.7 
14.6 13.8 
11.7 11.1 
13.7 13.0 
19.4 18.3 
13.5 12.7 
10.8 10.2 
12.1 11.4 
8.2 7.7 
12.2 11.5 
8.2 7.7 
5.6 5.3 
10.5 10.0 
14.9 14.1 
13.5 12.7 
17.3 16.3 
15.9 15.0 
17.8 16.9 
20.5 19.4 
17.8 16.9 
17.2 16.3 
15.4 14.5 
19.0 18.0 
15.8 15.0 
15.8 15.0 
14.5 13.8 
7.1 6.7 
12.2 11.5 
13.8 13.1 
9.9 9.4 
13.4 12.6 
12.5 11.9 
13.7 13.0 
14.8 14.0 
13.1 12.4 
8.5 8.1 
7.7 7.3 
9.9 9.4 
3.4 3.2 
3.5 3.3 
1.5 1.4 
-0.1 -0.1 
-1.7 -1.6 
-1.5 -1.5 
-0.3 -0.3 
9.7 9.2 
12.5 11.9 
13.6 12.9 
15.2 14.4 
18.0 17.0 
17.7 16.8 
24.5 23.1 
22.2 21.0 
27.9 26.4 
20.5 19.4 
18.7 17.7 
5.1 4.8 
6.9 6.5 
7.4 7.0 
4.5 4.3 
3.2 3.0 
1.8 1.7 
-9.6 -9.1 
-6.0 -5.7 
-6.2 -5.8 
3.0 2.8 
5.7 5.4 
5.2 4.9 
1.7 1.6 
5.7 5.4 
8.3 7.8 
9.9 9.4 
6.7 6.4 
13.5 12.7 
14.1 13.3 
14.2 13.4 
6.9 6.5 
4.3 4.0 
7.6 7.2 
9.0 8.5 
9.1 8.6 
5.0 4.7 
7.5 7.1 
13.5 12.7 
15.0 14.2 
14.6 13.8 
15.5 14.7 
24.8 23.5 
26.5 25.0 
31.2 29.5 
23.1 21.8 
20.1 19.0 
22.5 21.3 
20.7 19.6 
24.7 23.4 
21.8 20.6 
22.6 21.4 
25.0 23.6 
25.5 24.2 
22.6 21.4 
21.8 20.6 
33.6 31.8 
34.8 32.9 
33.9 32.1 
30.0 28.4 
26.5 25.1 
31.8 30.1 
31.3 29.6 
25.6 24.2 
17.4 16.4 
19.4 18.3 
18.8 17.8 
16.1 15.2 
12.8 12.1 
13.7 13.0 
14.7 13.9 
12.0 11.3 
11.2 10.6 
7.3 6.9 
5.7 5.4 
6.6 6.3 
10.0 9.5 
12.5 11.9 
14.2 13.4 
17.2 16.3 
16.6 15.7 
18.4 17.4 
23.6 22.4 
17.9 16.9 
25.0 23.6 
28.3 26.7 
33.5 31.7 
27.1 25.6 
25.9 24.5 
24.5 23.2 
26.7 25.3 
31.5 29.8 
33.7 31.9 
28.7 27.2 
34.6 32.8 
33.7 31.9 
34.4 32.5 
37.6 35.6 
43.4 41.0 
43.5 41.2 
47.8 45.2 
45.1 42.6 
43.0 40.7 
43.3 40.9 
49.6 46.9 
53.5 50.6 
57.6 54.5 
61.9 58.6 
62.3 58.9 
63.7 60.3 
69.0 65.3 
70.5 66.6 
78.9 74.6 
92.2 87.2 
95.5 90.4 
101.7 96.2 
107.9 102.1 
115.3 109.0 
127.3 120.4 
140.3 132.7 
151.5 143.4 
160.9 152.2 
177.5 167.9 
190.8 180.5 
200.6 189.8 
223.3 211.2 
244.5 231.3 
265.4 251.1 
284.7 269.4 
305.1 288.7 
327.5 309.9 
346.5 327.9 
371.4 351.4 
397.7 376.4 
432.9 409.7 
470.8 445.6 
511.7 484.4 
542.5 513.5 
574.9 544.2 
616.4 583.5 
658.6 623.5 
703.6 666.2 
761.7 721.2 
831.9 787.8 
894.5 847.2 
954.2 903.7 
1023.3 969.3 
1092.4 1034.8 
1166.8 1105.5 
1253.5 1187.8 
1340.8 1270.6 
1428.6 1354.0 
1529.9 1450.2 
1627.6 1543.1 
1733.2 1643.4 
1838.4 1743.4 
1964.7 1863.6 
2094.2 1986.7 
2232.2 2118.1 
2370.1 2249.4 
2515.3 2387.7 
2671.0 2536.1 
2835.7 2693.1 
3008.0 2857.1 
3199.0 3039.0 
3376.1 3207.7 
3589.7 3411.2 
3765.3 3578.5 
3964.9 3768.9 
4184.6 3978.4 
4426.8 4209.4 
4669.1 4440.6 
4930.1 4690.0 
5169.5 4918.9 
5434.9 5172.8 
5694.9 5421.7 
6006.9 5720.5 
6286.1 5988.0 
6616.4 6304.7 
6938.2 6614.3 
7278.8 6942.3 
7620.1 7271.3 
7958.8 7598.1 
8297.5 7925.3 
8707.6 8323.0 
9100.2 8705.8 
9526.3 9122.0 
9924.1 9511.3 
10356.7 9935.4 
10826.0 10390.7 
11296.3 10847.3 
11756.3 11294.3 
12243.4 11768.0 
12742.9 12252.5 
13227.2 12722.5 
13696.2 13178.0 
14180.0 13648.3 
14662.2 14117.7 
15156.3 14599.1 
15676.5 15106.4 
16166.5 15581.8 
16702.5 16098.1 
17249.5 16624.9 
17801.4 17156.4 
18387.3 17729.3 
19020.9 18350.0 
19690.2 19006.3 
20375.9 19677.4 
21052.0 20339.7 
21747.9 21019.5 
22473.5 21722.9 
23216.5 22443.2 
23963.1 23176.9 
24729.4 23934.1 
25580.7 24772.7 
26431.2 25605.9 
27286.5 26447.0 
28167.6 27321.5 
29105.1 28248.3 
30119.4 29233.0 
31177.0 30261.4 
32236.7 31294.5 
33272.3 32323.5 
34327.5 33385.0 
35418.6 34476.6 
36463.8 35521.4 
37549.6 36602.0 
38728.6 37784.4 
39853.7 38919.9 
40930.7 40005.3 
41999.9 41081.8 
43055.4 42140.9 
44124.9 43235.1 
45292.0 44442.0 
46390.5 45567.8 
47496.5 46718.8 
48571.5 47855.3 
49608.4 48920.7 
50559.1 49896.7 
51549.1 50915.8 
52468.7 51879.4 
53352.9 52840.1 
54249.4 53794.8 
55097.2 54674.4 
55780.5 55385.0 
56486.9 56122.3 
57126.3 56790.4 
57679.9 57379.7 
58173.0 57909.8 
58582.8 58350.9 
58937.3 58732.8 
59258.9 59090.8 
59554.5 59422.5 
59685.1 59569.3 
59738.8 59629.7 
59761.5 59655.2 
59666.1 59548.0 
59430.8 59283.7 
59184.5 59007.4 
58826.2 58613.0 
58375.1 58127.2 
57856.8 57569.8 
57291.9 56963.7 
56575.5 56214.8 
55868.4 55476.6 
55059.9 54635.7 
54198.5 53742.1 
53346.1 52832.7 
52467.2 51877.7 
51541.9 50908.4 
50624.8 49964.3 
49713.5 49028.5 
48751.5 48042.7 
47720.4 46955.2 
46782.6 45970.2 
45802.5 44964.9 
44885.3 44022.0 
43962.0 43066.6 
43115.0 42200.7 
42229.7 41312.3 
41406.0 40484.8 
40582.4 39654.0 
39827.4 38893.4 
39034.5 38092.9 
38361.7 37414.6 
37665.9 36717.8 
37010.9 36065.7 
36354.2 35412.4 
35724.5 34782.7 
35014.6 34072.5 
34473.5 33531.6 
33894.3 32949.0 
33324.2 32375.7 
32810.2 31859.3 
32272.6 31329.5 
31739.3 30809.5 
31141.4 30226.6 
30575.0 29675.3 
30035.0 29151.1 
29552.5 28682.7 
29070.3 28214.5 
28529.2 27680.7 
28012.9 27167.8 
27537.5 26696.0 
26962.1 26126.4 
26525.5 25698.4 
26041.6 25224.2 
25597.9 24789.5 
25171.6 24371.5 
24671.5 23876.8 
24194.7 23405.7 
23709.8 22926.9 
23234.7 22460.8 
22764.7 22005.1 
22340.5 21593.9 
21899.2 21166.1 
21421.1 20701.5 
20995.5 20284.4 
20594.0 19891.0 
20134.0 19440.6 
19739.8 19054.8 
19347.6 18670.3 
18974.6 18304.6 
18586.3 17924.2 
18212.7 17558.4 
17804.9 17159.8 
17433.7 16802.3 
17085.0 16466.5 
16726.5 16121.1 
16376.2 15783.8 
16101.7 15519.4 
15832.5 15258.5 
15536.5 14969.8 
15257.9 14698.2 
14999.2 14446.0 
14733.9 14187.6 
14502.4 13962.1 
14315.6 13780.3 
14105.2 13575.5 
13887.5 13363.9 
13705.9 13187.4 
13469.0 12957.3 
13281.5 12775.2 
13121.5 12619.9 
12976.4 12479.0 
12821.4 12328.6 
12689.2 12200.4 
12572.2 12086.9 
12438.0 11956.8 
12312.8 11835.4 
12230.7 11755.8 
12124.5 11652.4 
12054.5 11584.4 
11951.4 11484.0 
11865.5 11400.5 
11797.7 11334.6 
11762.5 11300.4 
11710.2 11249.5 
11637.4 11178.7 
11568.0 11111.3 
11532.5 11076.7 
11496.9 11042.2 
11471.3 11017.3 
11448.2 10994.9 
11433.0 10980.1 
11438.3 10985.2 
11420.4 10967.8 
11415.5 10963.2 
11412.5 10960.2 
11457.5 11004.0 
11491.8 11037.3 
11531.5 11075.8 
11582.2 11125.1 
11623.5 11165.2 
11684.6 11224.7 
11746.5 11284.8 
11796.5 11333.4 
11873.4 11408.1 
11956.5 11488.9 
12076.7 11605.9 
12163.0 11689.9 
12293.3 11816.4 
12417.5 11936.8 
12524.6 12040.8 
12649.8 12162.2 
12774.5 12283.1 
12935.8 12439.7 
13117.5 12616.1 
13299.3 12792.5 
13453.3 12942.0 
13580.6 13065.8 
13738.4 13219.0 
13887.2 13363.6 
14080.4 13551.3 
14249.5 13715.9 
14459.4 13920.2 
14641.5 14097.5 
14836.5 14287.5 
15021.1 14467.3 
15212.3 14653.7 
15427.7 14863.7 
15626.9 15058.0 
15839.3 15265.1 
16041.5 15461.4 
16231.3 15644.2 
16490.2 15893.6 
16679.3 16075.7 
16927.1 16314.4 
17118.1 16498.3 
17322.7 16695.4 
17541.7 16906.4 
17765.6 17122.0 
18029.3 17378.9 
18265.8 17610.4 
18482.3 17822.3 
18688.0 18023.8 
18853.9 18186.3 
19106.1 18433.5 
19336.9 18659.8 
19580.8 18899.0 
19800.0 19113.7 
19974.0 19284.0 
20202.5 19507.6 
20417.4 19718.0 
20616.5 19913.0 
20865.6 20157.1 
21071.7 20359.0 
21312.5 20595.1 
21527.1 20805.5 
21709.1 20981.9 
21926.5 21192.6 
22112.7 21373.1 
22387.5 21639.4 
22569.2 21815.6 
22754.5 21995.2 
22959.6 22194.1 
23141.7 22370.7 
23388.2 22609.6 
23582.5 22801.2 
23753.5 22970.0 
23947.9 23161.9 
24128.9 23340.7 
24358.8 23567.8 
24498.6 23706.0 
24690.1 23895.3 
24889.2 24092.1 
25061.4 24262.4 
25258.4 24457.0 
25394.7 24590.5 
25559.7 24752.1 
25741.4 24930.0 
25934.4 25119.1 
26068.0 25250.0 
26197.4 25376.8 
26422.6 25597.6 
26595.5 25767.0 
26714.9 25884.1 
26863.5 26029.7 
26998.1 26161.7 
27141.5 26303.1 
27277.9 26438.4 
27442.8 26602.0 
27533.0 26691.5 
27692.8 26850.1 
27818.6 26974.9 
27891.6 27047.4 
27978.0 27133.2 
28124.5 27278.6 
28274.1 27427.2 
28387.5 27540.0 
28529.4 27680.9 
28646.7 27797.5 
28709.7 27860.2 
28833.1 27982.8 
28954.5 28102.1 
29032.5 28177.9 
29076.6 28220.7 
29185.0 28325.9 
29248.2 28387.2 
29352.7 28488.7 
29495.4 28627.2 
29593.4 28722.3 
29695.3 28821.3 
29790.6 28913.8 
29866.0 28987.0 
29954.3 29072.7 
30085.7 29200.3 
30245.9 29355.8 
30359.9 29466.5 
30461.2 29564.8 
30563.8 29664.5 
30643.8 29742.1 
30756.5 29851.6 
30860.9 29953.3 
31002.9 30091.7 
31138.3 30223.6 
31217.9 30301.2 
31337.1 30417.4 
31409.8 30488.3 
31502.7 30578.9 
31633.5 30706.4 
31716.7 30787.5 
31798.6 30867.3 
31846.9 30914.4 
31923.7 30989.3 
32016.8 31080.1 
32099.8 31161.0 
32199.6 31258.3 
32304.3 31360.3 
32368.8 31423.3 
32424.5 31477.5 
32483.7 31535.3 
32545.7 31595.8 
32626.0 31674.4 
32705.4 31754.1 
32816.7 31865.9 
32869.3 31918.6 
32916.3 31965.8 
32968.5 32018.3 
33048.1 32098.2 
33204.2 32255.1 
33302.6 32354.0 
33373.1 32424.8 
33435.9 32488.0 
33495.1 32547.5 
33604.7 32657.7 
33666.4 32719.7 
33789.1 32843.1 
33921.5 32976.3 
34009.7 33065.1 
34072.5 33128.3 
34121.9 33178.1 
34221.1 33277.9 
34329.5 33387.1 
34463.8 33521.9 
34544.6 33602.7 
34612.4 33670.4 
34715.3 33773.2 
34718.4 33776.3 
34803.6 33861.6 
34911.7 33969.6 
34995.8 34053.7 
35068.3 34126.2 
35146.4 34204.3 
35256.2 34314.1 
35248.3 34306.2 
35370.2 34428.2 
35424.4 34482.4 
35475.4 34533.4 
35600.3 34658.4 
35644.9 34703.1 
35745.3 34803.5 
35792.2 34850.5 
35862.0 34920.4 
35934.7 34993.2 
35998.1 35056.7 
36111.3 35170.1 
36124.2 35183.0 
36185.0 35243.9 
36250.2 35309.0 
36299.5 35358.0 
36398.2 35456.2 
36422.3 35480.1 
36464.5 35522.1 
36525.5 35582.7 
36528.3 35585.5 
36539.8 35597.0 
36586.3 35643.2 
36667.5 35724.0 
36801.1 35856.9 
36862.1 35917.6 
36946.1 36001.2 
36935.8 35991.0 
36996.3 36051.1 
37096.3 36150.7 
37151.6 36205.8 
37220.5 36274.3 
37304.5 36357.9 
37415.0 36467.9 
37470.6 36523.3 
37474.9 36527.6 
37520.5 36572.9 
37521.7 36574.2 
37613.8 36665.9 
37640.3 36692.2 
37630.2 36682.2 
37671.3 36723.1 
37714.4 36766.0 
37713.4 36765.0 
37697.0 36748.7 
37730.4 36782.0 
37785.1 36836.5 
37833.4 36884.6 
37907.9 36958.8 
37909.7 36960.6 
37908.9 36959.8 
37969.8 37020.5 
38004.5 37055.0 
38045.5 37096.0 
38054.8 37105.4 
38065.1 37115.7 
38102.4 37153.2 
38075.6 37126.3 
38031.3 37081.7 
37992.6 37043.2 
38046.5 37097.0 
38065.3 37115.9 
38050.3 37100.8 
38035.5 37085.9 
38014.0 37064.5 
38052.9 37103.4 
38111.3 37162.2 
38079.8 37130.5 
38080.2 37130.9 
38128.3 37179.3 
38156.5 37207.7 
38135.9 37187.0 
38165.0 37216.3 
38189.1 37240.6 
38167.9 37219.3 
38232.1 37283.9 
38183.8 37235.3 
38139.5 37190.6 
38086.3 37137.0 
38075.6 37126.3 
38026.7 37077.2 
38010.0 37060.5 
37975.3 37025.9 
37891.4 36942.3 
37803.5 36854.8 
37780.8 36832.2 
37704.5 36756.2 
37719.1 36770.7 
37662.4 36714.2 
37605.8 36657.9 
37550.7 36603.1 
37548.7 36601.1 
37460.7 36513.5 
37423.8 36476.7 
37374.0 36427.1 
37319.5 36372.9 
37238.0 36291.7 
37190.9 36244.8 
37099.0 36153.4 
37020.7 36075.5 
36985.0 36039.9 
36927.7 35982.9 
36809.7 35865.5 
36728.7 35784.9 
36625.2 35681.9 
36582.4 35639.3 
36568.5 35625.6 
36525.3 35582.5 
36427.2 35485.0 
36404.9 35462.8 
36290.1 35348.7 
36179.2 35238.1 
36070.2 35128.9 
35966.2 35024.7 
35888.0 34946.4 
35768.0 34826.3 
35644.2 34702.4 
35465.5 34523.6 
35320.7 34378.7 
35217.2 34275.1 
35001.7 34059.6 
34915.7 33973.6 
34816.5 33874.4 
34693.7 33751.7 
34615.9 33673.9 
34501.1 33559.2 
34370.9 33428.8 
34277.0 33334.2 
34177.9 33234.4 
34040.4 33096.0 
33905.1 32959.8 
33829.5 32883.8 
33668.6 32722.0 
33539.2 32591.8 
33373.2 32424.9 
33211.4 32262.3 
33043.6 32093.8 
32936.5 31986.1 
32764.3 31813.2 
32593.8 31642.6 
32461.9 31514.0 
32300.2 31356.3 
32130.5 31190.8 
32002.7 31066.3 
31851.6 30919.0 
31738.4 30808.6 
31523.0 30598.6 
31393.5 30472.4 
31171.7 30256.2 
30985.6 30074.8 
30836.0 29929.0 
30659.1 29756.9 
30463.9 29567.5 
30288.1 29396.8 
30092.5 29206.9 
29906.0 29025.8 
29725.8 28850.9 
29537.8 28668.4 
29337.8 28474.2 
29161.3 28302.8 
28998.0 28144.3 
28807.2 27957.1 
28656.0 27806.8 
28478.0 27629.8 
28306.3 27459.2 
28135.5 27289.5 
28000.6 27155.6 
27808.7 26965.1 
27705.0 26862.2 
27494.8 26653.6 
27343.2 26503.2 
27171.0 26332.4 
26999.2 26162.8 
26796.9 25964.5 
26635.5 25806.3 
26469.8 25643.8 
26289.8 25467.4 
26066.3 25248.3 
25899.0 25084.5 
25729.6 24918.5 
25550.2 24742.8 
25369.0 24565.3 
25181.8 24381.6 
24987.3 24189.1 
24793.0 23997.0 
24629.1 23835.0 
24425.8 23634.0 
24240.9 23451.3 
24032.6 23245.6 
23828.5 23044.0 
23615.7 22834.0 
23439.5 22660.1 
23249.0 22474.7 
23071.8 22302.9 
22918.8 22154.5 
22750.9 21991.7 
22481.8 21730.9 
22310.5 21564.9 
22115.3 21375.6 
21975.9 21240.5 
21837.8 21106.6 
21667.5 20941.5 
21510.6 20789.3 
21303.5 20586.2 
21128.5 20414.7 
20954.9 20244.6 
20748.1 20041.9 
20633.1 19929.3 
20435.3 19735.5 
20244.2 19548.4 
20071.5 19379.4 
19860.0 19172.4 
19612.6 18930.2 
19412.6 18734.0 
19258.3 18582.7 
19060.1 18388.4 
18845.5 18178.1 
18672.8 18008.9 
18484.7 17824.7 
18345.6 17688.5 
18200.8 17546.8 
18016.8 17366.7 
17855.6 17209.0 
17723.9 17081.8 
17560.9 16924.8 
17424.8 16793.8 
17281.5 16655.7 
17157.5 16536.3 
17014.9 16399.0 
16873.5 16262.8 
16689.9 16085.9 
16557.0 15957.9 
16413.3 15819.5 
16272.2 15683.6 
16148.4 15564.3 
16028.0 15448.4 
15878.0 15302.9 
15748.6 15176.7 
15599.7 15031.5 
15453.2 14888.5 
15293.0 14732.4 
15131.6 14575.1 
14979.9 14427.2 
14814.4 14265.9 
14647.1 14103.0 
14513.9 13973.3 
14384.2 13847.0 
14252.4 13718.7 
14100.9 13571.3 
13936.9 13411.9 
13816.2 13294.6 
13687.5 13169.6 
13570.9 13056.3 
13433.2 12922.5 
13324.2 12816.7 
13206.8 12702.7 
13094.5 12593.7 
12955.9 12459.2 
12807.3 12315.0 
12693.2 12204.3 
12603.1 12116.9 
12486.6 12003.9 
12377.3 11897.9 
12267.0 11790.9 
12167.1 11693.8 
12080.5 11609.6 
11987.2 11518.8 
11878.5 11413.2 
11761.3 11299.2 
11661.1 11201.8 
11559.9 11103.4 
11456.0 11002.5 
11362.5 10911.7 
11268.9 10820.7 
11170.9 10725.5 
11060.9 10618.7 
10943.9 10505.2 
10851.9 10415.9 
10733.6 10301.1 
10639.4 10209.7 
10544.8 10118.0 
10444.5 10020.7 
10352.8 9931.6 
10234.3 9815.3 
10118.7 9702.0 
10035.7 9620.7 
9950.2 9536.8 
9841.2 9430.1 
9734.6 9325.8 
9634.4 9227.7 
9554.5 9149.6 
9483.7 9080.4 
9402.1 9000.6 
9300.2 8901.0 
9245.3 8847.4 
9169.5 8773.5 
9085.6 8691.6 
9001.5 8609.4 
8925.7 8535.6 
8845.2 8457.0 
8775.3 8388.9 
8685.0 8300.9 
8591.6 8210.0 
8511.7 8132.3 
8436.2 8059.2 
8349.5 7975.4 
8294.1 7921.9 
8216.2 7846.7 
8140.7 7773.8 
8075.0 7710.3 
7997.4 7635.3 
7940.9 7580.8 
7888.1 7529.9 
7808.5 7453.0 
7733.9 7381.1 
7659.5 7309.3 
7598.4 7250.3 
7503.5 7158.9 
7435.3 7093.1 
7382.4 7042.1 
7310.5 6972.8 
7254.6 6919.0 
7180.1 6847.2 
7105.1 6775.0 
7043.5 6715.7 
6974.3 6649.0 
6906.7 6584.0 
6831.2 6511.3 
6791.4 6473.0 
6734.1 6417.9 
6671.4 6357.5 
6624.9 6312.9 
6559.1 6249.8 
6504.1 6197.0 
6449.6 6144.8 
6402.2 6099.3 
6338.6 6038.4 
6292.5 5994.1 
6241.5 5945.3 
6184.1 5890.3 
6129.9 5838.3 
6055.9 5767.4 
5979.5 5694.3 
5927.1 5644.0 
5860.3 5580.0 
5802.3 5524.5 
5759.8 5483.8 
5710.7 5436.8 
5654.8 5383.3 
5594.5 5325.6 
5545.6 5278.8 
5492.2 5227.6 
5466.5 5203.0 
5434.6 5172.6 
5393.3 5133.0 
5348.7 5090.4 
5309.9 5053.2 
5263.5 5008.9 
5234.5 4981.0 
5206.1 4953.9 
5167.0 4916.5 
5123.1 4874.5 
5067.2 4821.1 
4997.5 4754.4 
4952.0 4710.9 
4916.2 4676.7 
4871.5 4634.0 
4821.2 4585.9 
4772.6 4539.5 
4715.9 4485.3 
4666.3 4438.0 
4622.6 4396.3 
4573.7 4349.6 
4546.2 4323.3 
4524.4 4302.5 
4464.5 4245.4 
4410.8 4194.2 
4388.5 4172.8 
4362.9 4148.5 
4328.3 4115.4 
4297.2 4085.8 
4256.9 4047.3 
4232.4 4023.9 
4196.9 3990.1 
4149.5 3944.9 
4095.1 3893.0 
4078.6 3877.3 
4042.1 3842.5 
3992.7 3795.4 
3939.6 3744.8 
3901.7 3708.6 
3872.0 3680.3 
3838.1 3648.0 
3787.3 3599.5 
3752.1 3566.0 
3722.6 3537.9 
3700.7 3517.0 
3660.1 3478.3 
3628.9 3448.6 
3593.4 3414.7 
3564.3 3387.0 
3545.5 3369.0 
3522.5 3347.2 
3507.5 3332.8 
3481.4 3308.0 
3459.3 3286.9 
3439.0 3267.6 
3414.8 3244.6 
3393.5 3224.2 
3368.3 3200.2 
3358.8 3191.2 
3343.9 3177.0 
3302.2 3137.3 
3277.6 3113.9 
3241.2 3079.2 
3224.0 3062.8 
3200.5 3040.4 
3178.3 3019.3 
3151.1 2993.4 
3119.7 2963.5 
3100.7 2945.4 
3064.0 2910.5 
3034.3 2882.2 
3002.3 2851.7 
2958.7 2810.2 
2933.4 2786.1 
2910.6 2764.5 
2875.3 2730.8 
2843.9 2700.9 
2831.2 2688.8 
2804.1 2662.9 
2787.0 2646.6 
2758.2 2619.2 
2729.5 2591.8 
2717.1 2580.0 
2703.2 2566.7 
2696.1 2560.0 
2678.2 2542.9 
2661.8 2527.3 
2640.8 2507.3 
2614.8 2482.5 
2600.0 2468.4 
2569.4 2439.2 
2550.9 2421.6 
2541.8 2413.0 
2516.3 2388.6 
2493.7 2367.1 
2464.1 2338.9 
2436.8 2312.9 
2423.3 2300.0 
2406.3 2283.8 
2384.6 2263.2 
2364.6 2244.2 
2348.2 2228.5 
2340.1 2220.8 
2302.2 2184.7 
2285.7 2169.0 
2264.6 2149.0 
2248.6 2133.7 
2230.5 2116.4 
2214.5 2101.3 
2206.8 2093.9 
2192.0 2079.8 
2170.7 2059.6 
2145.5 2035.6 
2118.2 2009.6 
2117.8 2009.2 
2104.8 1996.8 
2089.9 1982.7 
2074.2 1967.7 
2057.3 1951.6 
2028.2 1923.9 
2000.0 1897.1 
1991.5 1889.1 
1968.4 1867.0 
1956.6 1855.9 
1934.9 1835.2 
1909.3 1810.8 
1891.1 1793.5 
1885.3 1788.0 
1871.0 1774.4 
1858.5 1762.5 
1843.6 1748.4 
1832.0 1737.3 
1802.7 1709.5 
1797.0 1704.1 
1790.6 1698.0 
1784.1 1691.8 
1769.7 1678.1 
1757.5 1666.5 
1727.3 1637.8 
1703.3 1615.0 
1684.6 1597.2 
1673.6 1586.8 
1656.4 1570.4 
1644.8 1559.4 
1634.1 1549.2 
1605.5 1522.1 
1591.0 1508.3 
1577.0 1495.0 
1551.1 1470.3 
1541.4 1461.1 
1533.8 1453.9 
1523.6 1444.3 
1513.0 1434.2 
1496.5 1418.4 
1490.9 1413.2 
1479.4 1402.2 
1475.5 1398.6 
1467.5 1390.9 
1461.1 1384.8 
1451.5 1375.7 
1443.5 1368.1 
1422.4 1348.1 
1406.2 1332.7 
1388.4 1315.8 
1377.2 1305.2 
1357.6 1286.6 
1335.5 1265.5 
1319.2 1250.1 
1293.4 1225.6 
1280.9 1213.7 
1272.0 1205.3 
1255.4 1189.5 
1241.5 1176.4 
1238.9 1173.9 
1230.0 1165.4 
1220.3 1156.2 
1201.9 1138.8 
1194.6 1131.9 
1186.0 1123.7 
1183.0 1120.8 
1172.4 1110.7 
1162.9 1101.7 
1155.7 1094.9 
1145.0 1084.7 
1122.9 1063.8 
1115.0 1056.3 
1111.1 1052.6 
1103.0 1044.9 
1096.6 1038.9 
1092.4 1034.8 
1091.6 1034.1 
1071.5 1015.0 
1054.1 998.5 
1042.7 987.7 
1033.4 978.8 
1031.7 977.3 
1023.2 969.2 
999.2 946.4 
994.5 942.0 
986.6 934.5 
977.9 926.2 
962.4 911.5 
962.2 911.3 
958.5 907.8 
950.0 899.8 
942.1 892.3 
930.0 880.8 
914.0 865.6 
916.1 867.6 
907.4 859.3 
897.4 849.8 
887.8 840.8 
878.5 832.0 
868.0 822.0 
859.4 813.8 
843.3 798.5 
847.8 802.9 
839.0 794.5 
838.8 794.3 
829.6 785.6 
833.0 788.8 
829.1 785.1 
818.8 775.4 
811.8 768.7 
806.1 763.3 
804.6 761.9 
802.6 760.0 
788.4 746.5 
783.7 742.1 
777.0 735.7 
775.9 734.7 
754.6 714.5 
741.8 702.4 
737.5 698.3 
738.1 698.8 
737.7 698.5 
736.2 697.0 
736.2 697.0 
723.0 684.5 
720.5 682.2 
713.3 675.3 
700.4 663.1 
700.0 662.7 
697.5 660.3 
686.4 649.8 
673.9 638.0 
661.8 626.6 
647.1 612.6 
640.6 606.5 
643.9 609.6 
635.1 601.2 
623.2 589.9 
618.5 585.5 
613.0 580.3 
606.6 574.3 
604.3 572.0 
601.9 569.8 
601.2 569.1 
596.5 564.7 
588.6 557.2 
583.5 552.3 
578.7 547.8 
583.1 552.0 
572.4 541.8 
565.9 535.7 
559.4 529.5 
551.3 521.8 
543.5 514.4 
531.1 502.7 
529.7 501.4 
529.5 501.2 
524.1 496.1 
518.9 491.2 
509.5 482.3 
508.0 480.8 
502.7 475.8 
499.1 472.4 
489.4 463.2 
486.2 460.2 
489.1 462.9 
481.3 455.5 
475.5 450.0 
464.7 439.8 
453.0 428.7 
446.5 422.6 
446.8 422.9 
447.7 423.7 
440.5 416.8 
446.4 422.4 
437.8 414.4 
431.5 408.4 
428.9 405.9 
427.9 405.0 
428.7 405.7 
430.5 407.4 
429.2 406.2 
422.0 399.4 
414.9 392.7 
411.6 389.6 
404.4 382.7 
407.4 385.5 
396.4 375.1 
390.5 369.5 
384.5 363.8 
376.3 356.1 
371.3 351.3 
363.0 343.5 
353.9 334.9 
353.1 334.1 
344.5 325.9 
337.5 319.3 
323.7 306.3 
317.7 300.6 
317.6 300.6 
311.7 295.0 
308.9 292.3 
311.4 294.6 
306.9 290.4 
306.5 290.0 
296.5 280.5 
294.7 278.9 
287.7 272.2 
287.0 271.6 
287.0 271.6 
276.3 261.4 
272.2 257.5 
268.3 253.8 
262.5 248.3 
261.2 247.1 
266.0 251.7 
261.5 247.5 
261.0 246.9 
267.1 252.7 
262.4 248.2 
266.5 252.2 
271.2 256.6 
266.6 252.3 
266.5 252.2 
261.3 247.2 
260.0 246.0 
252.8 239.2 
251.3 237.7 
248.2 234.8 
243.5 230.3 
245.6 232.4 
238.0 225.2 
234.4 221.7 
232.5 220.0 
219.9 208.1 
215.0 203.4 
214.8 203.2 
215.4 203.8 
215.3 203.7 
211.3 199.9 
205.5 194.4 
200.8 190.0 
204.0 193.0 
202.0 191.1 
201.1 190.2 
208.5 197.2 
207.5 196.4 
203.9 192.9 
198.3 187.6 
192.9 182.5 
189.6 179.4 
191.5 181.2 
190.2 179.9 
192.0 181.6 
185.3 175.3 
181.5 171.7 
182.6 172.8 
184.6 174.7 
186.5 176.5 
178.0 168.4 
179.5 169.8 
180.8 171.1 
179.5 169.8 
176.4 166.8 
166.4 157.4 
166.5 157.5 
169.1 160.0 
170.4 161.2 
164.5 155.6 
156.1 147.7 
157.7 149.2 
155.1 146.7 
153.2 144.9 
153.0 144.7 
154.3 145.9 
152.1 143.9 
149.9 141.8 
144.8 137.0 
137.7 130.3 
136.7 129.3 
141.9 134.2 
145.5 137.7 
141.2 133.6 
142.8 135.1 
139.7 132.2 
134.1 126.8 
134.6 127.4 
140.8 133.2 
142.4 134.7 
142.7 135.0 
143.7 136.0 
135.3 128.0 
130.0 123.0 
129.0 122.0 
130.8 123.8 
125.7 118.9 
124.0 117.3 
123.2 116.5 
117.5 111.1 
117.1 110.8 
113.1 107.0 
107.0 101.2 
109.0 103.1 
108.4 102.5 
108.9 103.0 
103.2 97.6 
104.6 99.0 
105.8 100.1 
100.1 94.7 
99.5 94.2 
92.8 87.8 
92.8 87.8 
93.0 88.0 
90.9 86.0 
92.3 87.3 
88.5 83.7 
87.3 82.6 
79.7 75.4 
84.5 80.0 
84.6 80.1 
80.8 76.4 
88.7 83.9 
85.9 81.3 
86.4 81.7 
82.7 78.3 
81.2 76.8 
81.5 77.0 
73.4 69.4 
77.9 73.7 
77.4 73.2 
81.5 77.1 
81.1 76.7 
74.7 70.7 
77.6 73.4 
74.7 70.7 
72.5 68.6 
71.5 67.7 
73.0 69.1 
80.0 75.7 
78.6 74.4 
75.0 70.9 
72.3 68.4 
67.9 64.2 
67.7 64.1 
66.7 63.1 
62.6 59.2 
64.3 60.8 
59.1 55.9 
57.3 54.2 
55.6 52.6 
58.8 55.6 
61.5 58.1 
55.9 52.9 
57.5 54.3 
55.7 52.7 
52.9 50.0 
58.6 55.5 
60.5 57.2 
66.4 62.8 
68.8 65.1 
67.5 63.9 
67.1 63.5 
66.0 62.4 
72.9 69.0 
80.5 76.1 
85.2 80.6 
83.1 78.6 
79.5 75.2 
82.5 78.0 
85.5 80.9 
91.6 86.7 
93.5 88.5 
96.5 91.2 
95.9 90.7 
92.4 87.4 
89.4 84.5 
89.4 84.5 
98.1 92.8 
99.5 94.2 
98.3 93.0 
93.5 88.4 
85.5 80.9 
86.3 81.6 
79.3 75.0 
78.5 74.2 
85.2 80.6 
86.8 82.1 
86.5 81.9 
83.3 78.8 
92.6 87.6 
95.1 89.9 
100.3 94.9 
107.5 101.6 
115.1 108.9 
115.4 109.1 
122.8 116.2 
118.2 111.8 
118.2 111.8 
121.3 114.7 
126.4 119.5 
124.8 118.1 
126.0 119.2 
121.5 114.9 
120.2 113.7 
117.4 111.0 
124.3 117.6 
123.4 116.7 
126.7 119.9 
125.6 118.8 
124.8 118.1 
123.1 116.4 
125.3 118.5 
129.8 122.8 
135.5 128.1 
137.7 130.3 
143.1 135.4 
151.7 143.5 
148.1 140.1 
151.5 143.4 
162.9 154.1 
165.7 156.8 
172.6 163.3 
173.7 164.4 
180.7 171.0 
188.1 177.9 
191.8 181.5 
193.4 182.9 
196.6 186.0 
204.3 193.3 
209.0 197.7 
212.9 201.4 
221.8 209.9 
225.2 213.0 
229.7 217.3 
230.0 217.6 
232.7 220.2 
234.0 221.4 
233.0 220.4 
238.7 225.9 
246.8 233.5 
258.8 244.9 
262.1 248.0 
269.7 255.2 
281.4 266.2 
292.7 277.0 
299.1 283.0 
312.5 295.7 
327.9 310.3 
341.5 323.2 
347.5 328.9 
352.5 333.5 
350.6 331.8 
362.1 342.6 
365.2 345.6 
367.8 348.1 
369.4 349.5 
380.1 359.7 
381.5 361.0 
382.6 362.1 
387.3 366.5 
390.6 369.7 
396.5 375.3 
404.6 382.9 
410.9 388.9 
418.2 395.8 
426.3 403.4 
445.2 421.3 
448.5 424.4 
457.5 433.0 
472.3 447.0 
488.7 462.6 
497.5 470.9 
514.0 486.5 
530.5 502.2 
536.8 508.1 
550.6 521.2 
562.5 532.4 
564.7 534.6 
581.1 550.1 
592.6 561.0 
599.9 567.9 
599.2 567.2 
605.6 573.3 
607.8 575.4 
610.4 577.8 
623.4 590.1 
627.9 594.4 
635.9 602.0 
641.8 607.6 
656.6 621.6 
663.9 628.5 
676.5 640.5 
693.8 656.9 
712.8 674.9 
725.4 686.8 
742.2 702.7 
741.2 701.8 
754.6 714.5 
773.5 732.4 
789.7 747.8 
790.9 748.9 
802.5 759.9 
812.1 769.0 
825.1 781.3 
829.7 785.7 
839.5 794.9 
848.8 803.8 
866.9 821.0 
878.6 832.1 
883.4 836.6 
903.8 856.0 
920.4 871.6 
941.1 891.3 
947.9 897.8 
975.5 923.9 
997.9 945.2 
1019.7 965.9 
1038.9 984.1 
1063.0 1006.9 
1080.0 1023.1 
1094.5 1036.8 
1108.9 1050.5 
1126.4 1067.1 
1143.4 1083.2 
1175.8 1114.0 
1178.5 1116.6 
1193.7 1131.0 
1203.0 1139.8 
1217.1 1153.2 
1236.4 1171.5 
1252.4 1186.6 
1263.4 1197.1 
1277.2 1210.2 
1291.7 1224.0 
1301.9 1233.7 
1310.9 1242.2 
1330.7 1261.0 
1354.1 1283.2 
1372.5 1300.7 
1403.9 1330.5 
1416.1 1342.1 
1439.7 1364.6 
1472.1 1395.3 
1489.5 1411.9 
1509.8 1431.1 
1536.0 1456.0 
1552.1 1471.3 
1573.1 1491.2 
1590.5 1507.7 
1616.1 1532.1 
1624.8 1540.4 
1641.2 1555.9 
1666.7 1580.2 
1687.0 1599.5 
1715.3 1626.4 
1733.9 1644.1 
1755.8 1664.9 
1790.9 1698.3 
1828.6 1734.1 
1847.0 1751.6 
1873.5 1776.8 
1894.2 1796.5 
1922.3 1823.2 
1950.3 1849.8 
1977.4 1875.6 
2001.8 1898.8 
2034.8 1930.2 
2050.1 1944.8 
2067.8 1961.6 
2082.4 1975.5 
2113.1 2004.7 
2136.5 2027.0 
2173.0 2061.7 
2201.5 2088.8 
2227.5 2113.7 
2257.5 2142.2 
2277.6 2161.3 
2301.1 2183.7 
2346.5 2227.0 
2366.5 2246.0 
2382.6 2261.3 
2414.3 2291.5 
2440.9 2316.8 
2479.4 2353.5 
2501.6 2374.7 
2516.9 2389.2 
2550.9 2421.6 
2598.9 2467.4 
2633.1 2499.9 
2660.4 2525.9 
2700.1 2563.8 
2742.7 2604.4 
2784.9 2644.7 
2822.6 2680.6 
2840.3 2697.4 
2885.8 2740.8 
2921.3 2774.6 
2943.4 2795.6 
2971.1 2822.0 
2997.2 2846.8 
3023.5 2871.9 
3059.7 2906.4 
3108.4 2952.7 
3121.2 2964.9 
3156.7 2998.8 
3196.5 3036.6 
3225.5 3064.2 
3271.9 3108.5 
3296.5 3131.8 
3315.5 3150.0 
3347.0 3180.0 
3382.9 3214.2 
3405.5 3235.8 
3416.8 3246.5 
3448.5 3276.6 
3462.8 3290.3 
3487.4 3313.7 
3507.0 3332.4 
3517.8 3342.7 
3554.7 3377.9 
3586.8 3408.5 
3612.3 3432.7 
3622.5 3442.4 
3658.8 3477.1 
3678.5 3495.8 
3700.6 3516.9 
3738.5 3553.0 
3755.2 3568.9 
3794.7 3606.6 
3818.2 3629.0 
3834.1 3644.1 
3859.8 3668.7 
3881.0 3688.9 
3901.2 3708.1 
3909.4 3715.9 
3934.4 3739.7 
3957.9 3762.2 
3975.0 3778.5 
3988.6 3791.5 
3982.6 3785.8 
3993.7 3796.3 
3998.0 3800.4 
4000.4 3802.7 
4007.7 3809.7 
4024.0 3825.2 
4039.6 3840.1 
4035.5 3836.2 
4038.7 3839.2 
4033.5 3834.2 
4037.2 3837.8 
4054.8 3854.6 
4048.8 3848.9 
4064.8 3864.1 
4055.5 3855.3 
4053.2 3853.0 
4046.7 3846.9 
4035.8 3836.5 
4025.6 3826.8 
4011.0 3812.8 
4005.8 3807.9 
3994.7 3797.3 
3961.2 3765.3 
3969.8 3773.5 
3941.6 3746.7 
3943.1 3748.1 
3917.0 3723.2 
3898.2 3705.2 
3874.3 3682.4 
3855.1 3664.2 
3826.4 3636.8 
3794.4 3606.3 
3770.0 3583.0 
3751.2 3565.1 
3707.4 3523.3 
3681.0 3498.2 
3643.3 3462.3 
3625.1 3444.9 
3596.0 3417.2 
3581.0 3402.9 
3565.7 3388.4 
3545.6 3369.2 
3519.4 3344.2 
3492.3 3318.4 
3480.3 3306.9 
3456.4 3284.2 
3431.4 3260.3 
3396.4 3227.0 
3371.3 3203.1 
3360.8 3193.1 
3325.9 3159.9 
3289.5 3125.2 
3262.1 3099.1 
3232.5 3071.0 
3210.4 3049.8 
3178.1 3019.1 
3151.5 2993.7 
3121.6 2965.3 
3096.5 2941.5 
3082.7 2928.3 
3028.8 2877.0 
2990.1 2840.1 
2963.4 2814.6 
2932.1 2784.9 
2903.2 2757.4 
2862.0 2718.2 
2815.2 2673.5 
2785.3 2645.0 
2765.8 2626.5 
2744.9 2606.5 
2699.1 2562.8 
2679.3 2543.9 
2656.5 2522.3 
2617.5 2485.0 
2586.8 2455.8 
2562.5 2432.6 
2543.5 2414.6 
2518.2 2390.4 
2492.3 2365.8 
2454.5 2329.8 
2427.4 2303.9 
2408.3 2285.7 
2381.1 2259.8 
2363.2 2242.8 
2347.1 2227.5 
2333.8 2214.8 
2309.4 2191.5 
2279.7 2163.3 
2268.0 2152.2 
2246.1 2131.3 
2230.2 2116.2 
2217.1 2103.7 
2201.0 2088.4 
2191.5 2079.3 
2173.3 2062.0 
2159.0 2048.4 
2134.6 2025.2 
2119.4 2010.7 
2102.2 1994.3 
2080.3 1973.5 
2066.2 1960.1 
2055.0 1949.4 
2037.5 1932.7 
2019.7 1915.9 
2004.2 1901.1 
1976.8 1875.1 
1961.1 1860.1 
1944.4 1844.2 
1921.6 1822.6 
1907.9 1809.5 
1888.7 1791.3 
1872.5 1775.9 
1850.0 1754.4 
1822.9 1728.7 
1800.5 1707.3 
1777.3 1685.3 
1761.9 1670.7 
1738.5 1648.4 
1719.2 1630.1 
1708.6 1620.1 
1695.9 1608.0 
1691.1 1603.4 
1675.9 1588.9 
1650.6 1564.9 
1633.7 1548.9 
1614.9 1531.0 
1598.3 1515.2 
1585.8 1503.3 
1573.6 1491.8 
1571.1 1489.3 
1556.7 1475.7 
1544.0 1463.6 
1522.7 1443.4 
1509.8 1431.1 
1502.8 1424.5 
1483.3 1405.9 
1469.6 1393.0 
1455.9 1379.9 
1445.3 1369.8 
1436.7 1361.7 
1414.4 1340.5 
1403.9 1330.5 
1385.0 1312.6 
1368.4 1296.8 
1356.1 1285.1 
1346.5 1276.1 
1348.5 1278.0 
1337.7 1267.7 
1327.0 1257.5 
1314.5 1245.7 
1303.6 1235.3 
1285.2 1217.8 
1270.4 1203.7 
1266.3 1199.9 
1258.1 1192.1 
1248.3 1182.8 
1236.1 1171.2 
1214.2 1150.4 
1194.9 1132.1 
1185.8 1123.5 
1173.3 1111.6 
1154.5 1093.7 
1144.6 1084.4 
1137.0 1077.2 
1115.8 1057.1 
1103.7 1045.6 
1077.1 1020.3 
1065.6 1009.4 
1055.5 999.8 
1052.8 997.3 
1037.5 982.7 
1028.6 974.3 
1016.1 962.4 
1009.3 956.0 
993.6 941.1 
984.2 932.2 
971.3 919.9 
967.0 915.9 
958.5 907.9 
950.5 900.2 
941.0 891.2 
929.7 880.5 
912.6 864.3 
904.7 856.8 
895.1 847.7 
887.1 840.1 
873.6 827.3 
870.1 824.0 
857.7 812.3 
841.8 797.2 
834.2 789.9 
822.5 778.8 
809.7 766.7 
799.0 756.6 
799.3 756.8 
792.2 750.1 
786.0 744.3 
783.9 742.3 
777.6 736.3 
778.5 737.2 
773.8 732.7 
764.5 723.8 
756.4 716.2 
752.1 712.1 
747.9 708.1 
738.0 698.8 
726.3 687.6 
722.3 683.8 
722.1 683.7 
711.4 673.5 
701.2 663.9 
689.5 652.7 
683.3 646.9 
684.5 648.0 
680.9 644.6 
677.8 641.7 
667.1 631.5 
674.0 638.1 
659.2 624.1 
646.2 611.7 
636.8 602.9 
631.5 597.9 
640.1 606.0 
638.5 604.5 
623.5 590.3 
620.8 587.7 
618.1 585.1 
612.9 580.2 
599.4 567.4 
554.0 524.4 
615.0 582.2 
613.0 580.3 
566.0 535.8 
560.0 530.1 
